# 轻量模型组烧写（协议 B：9 月训练→10 月打分）2026-09-08
# 老师点名模型族：LR / XGBoost / FM / DeepFM / 双塔 / DIN；本表只含轻量组。
# 锚点(来自 33 特征调参表 c1+macro_user_wt)  avg_rec=0.244567 rec@10=0.2164 rec@20=0.4565 hit@10=0.9434 pairAUC=0.8964

        config  avg_rec  avg_ndcg  rec@5  rec@10  rec@20  ndcg@5  ndcg@10  ndcg@20  hit@5  hit@10  hit@20  jac@10  pair_auc  n_users
      fm_macro 0.307033  0.699700 0.2079  0.2950  0.4182  0.7782   0.6963   0.6246 0.9387  0.9607  0.9861  0.2229    0.8903      865
   ens(lgb+fm) 0.250967  0.334200 0.0586  0.2163  0.4780  0.2035   0.3291   0.4700 0.5468  0.9364  0.9919  0.1347    0.8816      865
     ens(all4) 0.248333  0.336367 0.0586  0.2164  0.4700  0.2051   0.3333   0.4707 0.5353  0.9387  0.9908  0.1374    0.8732      865
  lgb_c1_macro 0.244567  0.329267 0.0608  0.2164  0.4565  0.2038   0.3281   0.4559 0.5491  0.9434  0.9942  0.1342    0.8964      865
  ens(lgb+xgb) 0.239033  0.330267 0.0577  0.2129  0.4465  0.2079   0.3298   0.4531 0.5260  0.9364  0.9931  0.1328    0.8440      865
  fm0.7+lgb0.3 0.238200  0.324833 0.0585  0.2051  0.4510  0.2029   0.3210   0.4506 0.5468  0.9318  0.9908  0.1287    0.8750      865
     xgb_macro 0.232700  0.318233 0.0563  0.2073  0.4345  0.1970   0.3180   0.4397 0.5121  0.9353  0.9908  0.1288    0.8868      865
fm0.85+lgb0.15 0.225400  0.316600 0.0579  0.1979  0.4204  0.2038   0.3162   0.4298 0.5480  0.9295  0.9896  0.1242    0.8636      865
   lr_baseline 0.218167  0.310667 0.0575  0.1855  0.4115  0.2015   0.3053   0.4252 0.5422  0.9075  0.9861  0.1183    0.8726      865