实验 A · 热门 vs ItemCF（同一批测试用户，Top10 补全）
==============================================================================
方法           precision@5  precision@10     recall@10        hit@10
全局热门              0.0254        0.0245        0.0141        0.1868
ItemCF            0.0526        0.0463        0.0270        0.2775
Top10重叠   Jaccard 中位 0.1765 / 均值 0.1743

案例用户 12682（测试篮 30 种商品，热门命中=True，ItemCF命中=True）
  测试篮: 20750,21212,21239,21240,21242,21243,21770,21931,21977,22138,22139,22423,22456,22467,22551,22555,22556,22596,22966,23020,23040,23084,23163,23192,47566,48185,84375,84378,85099B,POST
  热门Top10: 85123A, 84879, 22720, 22457, 22960, 22469, 20728, 22138✔, 22666, 20727
  ItemCF Top10: 23207, 22629, 20728, 20727, 22662, 23201, 22720, 21929, 21931✔, 20724

案例用户 13048（测试篮 30 种商品，热门命中=False，ItemCF命中=False）
  测试篮: 20713,20718,20724,20725,20727,20728,21931,22151,22158,22187,22189,22191,22355,22356,22383,22384,22386,22601,22603,22726,22727,22728,22730,22810,23201,23205,23344,23581,23583,85099B
  热门Top10: 22423, 85123A, 47566, 21212, 84879, 22720, 23298, 22960, 22469, 22961
  ItemCF Top10: 23209, 23206, 20726, 23203, 23199, 85099F, 22662, 22385, 21929, 23202
